   -0.2103    0.5708    1.0000
    0.3177    0.5244    1.0000
    0.3702   -0.9372    1.0000
    0.5067    0.5702    1.0000
   -1.6434    0.0804    1.0000
   -1.7754    0.7305    1.0000
   -1.0435    0.2925    1.0000
    0.3025    0.7194    1.0000
    1.0734    1.2491    1.0000
   -1.5567    0.2700    1.0000
   -1.6197    0.6368    1.0000
   -0.6005   -0.9745    1.0000
    1.8418   -0.2723    1.0000
   -0.0847   -1.8963    1.0000
    0.4742   -0.2556    1.0000
    1.2707    0.2482    1.0000
   -0.8095    1.1864    1.0000
    0.0341   -0.4168    1.0000
   -1.0027   -1.0545    1.0000
    1.0754    0.9546    1.0000
   -0.6633    0.7660    1.0000
   -0.4241    1.1643    1.0000
    1.6111    0.3111    1.0000
    0.5317   -0.8478    1.0000
   -0.8993    0.6936    1.0000
    1.1832    1.3055    1.0000
    1.2333   -0.1014    1.0000
   -0.3255   -0.8634    1.0000
   -0.5158    1.1116    1.0000
   -0.4781    0.9301    1.0000
   -1.6642    0.2733    1.0000
    1.1061    0.1274    1.0000
   -0.8872    0.0824    1.0000
   -1.3818   -0.1987    1.0000
    0.1483   -0.0764    1.0000
   -0.4417    1.5199    1.0000
    0.1051   -0.3017    1.0000
   -0.1229   -0.3324    1.0000
    1.0523    1.0976    1.0000
    0.0980   -0.8533    1.0000
   -0.2341   -1.5994    1.0000
    0.7230    0.0161    1.0000
   -0.5307    0.5023    1.0000
   -1.3635    0.7907    1.0000
   -1.5689   -0.7137    1.0000
    0.2116    0.3647    1.0000
   -1.6245   -0.2890    1.0000
   -0.7555    0.7580    1.0000
   -0.2371    1.3648    1.0000
    0.9223   -1.0731    1.0000
   -0.2330   -0.9627    1.0000
   -0.0559    1.0002    1.0000
   -1.3632   -0.4571    1.0000
    1.4909   -0.9376    1.0000
    1.2110    1.4224    1.0000
    0.6799   -0.7932    1.0000
   -1.0673    1.1461    1.0000
    1.2456    0.9489    1.0000
    0.4467   -0.8984    1.0000
   -0.6725    0.8267    1.0000
   -0.2480   -1.7772    1.0000
   -0.1458    0.5768    1.0000
    0.8106   -0.5360    1.0000
   -0.3307   -0.2748    1.0000
    0.6767   -0.7634    1.0000
   -1.6018    0.8304    1.0000
    1.5114    0.5299    1.0000
   -0.9401   -1.5655    1.0000
    1.2942   -1.2090    1.0000
    0.4459   -1.8668    1.0000
    0.4541    0.1578    1.0000
   -1.5072    0.1609    1.0000
    0.0739    0.1009    1.0000
   -0.7614    1.2940    1.0000
    0.3201    0.5914    1.0000
    1.0177    1.4556    1.0000
   -0.3699   -0.1717    1.0000
    0.5268   -0.3927    1.0000
   -0.9068    1.1684    1.0000
    1.6388   -0.1299    1.0000
    1.3394    0.1268    1.0000
   -0.0286    0.2039    1.0000
   -0.4158    1.3038    1.0000
   -0.0743   -0.3181    1.0000
   -0.0855    0.6788    1.0000
    1.2327    0.8858    1.0000
   -0.0219   -1.7098    1.0000
    1.5815    0.1528    1.0000
   -0.5713    0.2089    1.0000
    0.3380    0.5207    1.0000
   -0.2143   -1.7925    1.0000
    0.1841   -0.7800    1.0000
   -0.2491   -0.2956    1.0000
    0.2741    0.0704    1.0000
    0.6570   -0.0056    1.0000
   -1.1628   -0.0709    1.0000
   -1.2058   -1.3243    1.0000
    1.7368    0.2804    1.0000
    1.7124    0.6471    1.0000
    0.1753   -1.1198    1.0000
   -0.0613    1.7334    1.0000
   -1.2036   -1.2485    1.0000
   -0.3110   -0.3706    1.0000
    0.8220    1.1676    1.0000
   -0.5225   -0.7590    1.0000
   -1.6357   -0.5395    1.0000
    0.1442    0.1355    1.0000
   -0.7654    1.4095    1.0000
    1.2351    1.1824    1.0000
    0.6847   -1.5955    1.0000
    0.4620   -0.3955    1.0000
   -0.4580    0.0727    1.0000
   -0.2605    0.1102    1.0000
    0.4411   -1.3201    1.0000
    0.2309   -1.4048    1.0000
    0.4348   -0.3095    1.0000
    1.8964    0.1090    1.0000
   -0.5020   -1.6736    1.0000
    1.4618   -0.4397    1.0000
    0.2482    0.5625    1.0000
   -0.4759   -0.7288    1.0000
   -0.0084    1.5563    1.0000
   -0.9774   -0.3545    1.0000
   -0.6744    0.4995    1.0000
   -0.2430    0.3554    1.0000
   -1.0265    0.8755    1.0000
    0.5802    0.2634    1.0000
    0.7640    1.5449    1.0000
   -0.6684    0.7965    1.0000
    0.3760    0.7929    1.0000
    0.2532   -0.3980    1.0000
    0.3261   -0.5613    1.0000
   -1.4473   -0.5735    1.0000
    0.0428   -0.2105    1.0000
    0.3716    0.4610    1.0000
    1.5300    0.1487    1.0000
    1.0841   -0.1249    1.0000
   -0.7538    1.5300    1.0000
    0.2806    1.4049    1.0000
    0.8977    1.4826    1.0000
    1.5835   -0.1642    1.0000
    0.6672   -0.3158    1.0000
    1.6555   -0.6844    1.0000
   -0.5262   -1.0396    1.0000
    0.8154   -1.6863    1.0000
    0.9740    0.6749    1.0000
   -0.7137   -0.6501    1.0000
    0.1037    0.4581    1.0000
   -0.8241    0.4459    1.0000
    1.5475    0.5327    1.0000
    0.1536   -0.2908    1.0000
   -0.8527    1.4373    1.0000
    0.2629    0.8540    1.0000
    0.5622   -0.8855    1.0000
    0.5211    1.3127    1.0000
    1.0638    0.5434    1.0000
    1.6215   -0.6686    1.0000
   -1.2648   -0.0233    1.0000
   -0.6201   -0.3013    1.0000
   -1.0596    0.7221    1.0000
   -0.2987   -1.3835    1.0000
    1.2203   -0.3924    1.0000
    0.0312   -0.8589    1.0000
   -0.2010   -0.7205    1.0000
    0.9418    1.0990    1.0000
    0.3359    1.5620    1.0000
   -0.7736    0.1412    1.0000
   -0.9159   -0.0552    1.0000
   -0.0282    1.0159    1.0000
   -1.5209    0.6595    1.0000
    1.0055   -1.5362    1.0000
   -0.1339   -1.3044    1.0000
    1.2296    0.3492    1.0000
    0.3284    1.7367    1.0000
   -0.4259    1.4756    1.0000
    0.6169   -0.0931    1.0000
   -0.2787    0.8046    1.0000
   -1.4498   -0.1761    1.0000
   -0.6424    1.6601    1.0000
   -0.1555    1.1965    1.0000
   -0.4949   -0.1649    1.0000
    0.5057   -0.3278    1.0000
   -0.1506   -0.2780    1.0000
   -0.2974   -1.4187    1.0000
   -0.4066   -0.5713    1.0000
   -1.4098   -0.1239    1.0000
    1.2795    1.0705    1.0000
   -0.6008   -0.1304    1.0000
   -0.1728    1.7323    1.0000
    0.7409    1.5285    1.0000
    0.6726    0.6165    1.0000
   -0.9321   -1.3708    1.0000
   -0.1372    1.4660    1.0000
    0.0350    0.6208    1.0000
    0.2610    0.7555    1.0000
   -0.7746    1.5674    1.0000
   -0.6216    1.4166    1.0000
   -0.5794    0.1593    1.0000
    0.2772    0.7856    1.0000
    0.3957    1.3269    1.0000
   -0.1706    0.9306    1.0000
   -0.2334   -1.4904    1.0000
    1.2688    0.0039    1.0000
    1.3022   -0.7603    1.0000
   -1.2858    0.5910    1.0000
    1.4957    1.2085    1.0000
    0.4217   -0.4346    1.0000
    1.1206   -1.2016    1.0000
   -0.1807    0.0213    1.0000
   -0.4054    1.6094    1.0000
    0.9615   -0.2642    1.0000
    0.9917    0.6219    1.0000
   -0.0040   -1.0615    1.0000
   -0.2411    0.4956    1.0000
    0.5943   -1.2964    1.0000
   -0.1603   -0.7322    1.0000
   -0.8987    0.9122    1.0000
    0.5913    0.2850    1.0000
   -1.7220   -0.4829    1.0000
   -0.2663    1.3633    1.0000
   -0.6524   -1.6251    1.0000
   -0.3037   -0.3225    1.0000
    0.6309   -0.6312    1.0000
   -0.5300    0.5284    1.0000
   -1.2811   -0.8926    1.0000
    1.0545   -0.9299    1.0000
    1.1230   -1.1434    1.0000
   -0.1247   -1.7283    1.0000
    0.8628   -0.7690    1.0000
    0.8866   -0.2613    1.0000
    0.2097    0.9660    1.0000
    0.0613    1.6974    1.0000
   -0.6193    1.5091    1.0000
    0.2107   -0.0885    1.0000
   -1.2818   -1.1754    1.0000
   -1.8122   -0.0829    1.0000
    1.0186   -0.9776    1.0000
    1.6479    0.9612    1.0000
    1.5712    0.2132    1.0000
   -0.2042    0.6887    1.0000
   -0.3600   -0.2374    1.0000
    1.0347    0.5736    1.0000
    0.2534   -1.2496    1.0000
    0.8121   -0.5210    1.0000
   -0.4856    0.9575    1.0000
    0.8493   -0.5486    1.0000
    0.2761   -0.5612    1.0000
    0.0699   -0.5039    1.0000
   -0.4802    0.5243    1.0000
   -0.7806    1.6919    1.0000
    1.7256    0.3317    1.0000
    0.3332   -0.1141    1.0000
   -0.3736   -0.0321    1.0000
    0.2658   -1.6877    1.0000
   -0.6546    1.4942    1.0000
   -0.5821   -1.2998    1.0000
   -1.3198    1.3805    1.0000
   -1.1156    0.2615    1.0000
   -1.1882   -0.0858    1.0000
   -0.4479   -1.5170    1.0000
    1.4083    1.2293    1.0000
    1.5655    0.0833    1.0000
   -0.5959   -1.7039    1.0000
   -0.2152    0.8829    1.0000
    0.0300   -0.8924    1.0000
    0.9033   -0.2219    1.0000
   -1.1846   -0.3016    1.0000
    1.1896   -0.4054    1.0000
   -0.8853    0.3064    1.0000
   -0.2808    1.0579    1.0000
    0.9309   -1.3446    1.0000
    1.6943    0.3835    1.0000
    0.6264    1.4016    1.0000
    0.8743   -0.7774    1.0000
   -0.2236   -0.0375    1.0000
    0.0963   -0.9140    1.0000
   -0.0508   -1.4404    1.0000
    1.0343    1.2306    1.0000
   -1.0099   -0.8470    1.0000
   -1.2789    0.9568    1.0000
    1.0121   -0.5102    1.0000
    0.0599   -1.2211    1.0000
   -0.2520   -0.7132    1.0000
   -0.2803   -1.6209    1.0000
   -0.1723   -1.1041    1.0000
    1.0969    0.9315    1.0000
    0.3247   -0.0357    1.0000
   -1.5578    0.3883    1.0000
    0.4011    0.8225    1.0000
    1.6604    0.8007    1.0000
    0.4590   -0.0858    1.0000
    0.1869    0.2350    1.0000
   -0.3049    0.3349    1.0000
    1.0794    1.0569    1.0000
   -0.4885    0.3595    1.0000
   -0.0521    1.1795    1.0000
   -0.0056    1.1330    1.0000
   -0.1339    0.1743    1.0000
   -0.2135   -0.4419    1.0000
    0.7308   -1.5972    1.0000
   -0.1962    1.5984    1.0000
   -1.1398    1.5346    1.0000
   -1.0133   -1.0884    1.0000
   -0.1826   -0.5400    1.0000
    0.0430   -1.5219    1.0000
    1.3152    0.3709    1.0000
   -0.3977    0.5774    1.0000
   -0.1157    0.9037    1.0000
    0.8848    1.4414    1.0000
    1.4961   -0.7171    1.0000
   -1.2945    0.0079    1.0000
   -0.9387   -1.6191    1.0000
   -1.6231   -0.2870    1.0000
   -0.6790    1.5136    1.0000
    0.4266    1.2040    1.0000
   -1.4407   -0.6570    1.0000
    0.8872   -1.4329    1.0000
   -0.2497    0.9400    1.0000
   -1.7457   -0.0487    1.0000
   -0.1947    1.0633    1.0000
   -0.4597    1.0844    1.0000
    1.0100   -0.1775    1.0000
   -0.7030   -1.4340    1.0000
   -1.3519    0.3294    1.0000
   -0.9733    0.3302    1.0000
    0.6322    0.3745    1.0000
   -0.0043   -0.8899    1.0000
    0.4323   -0.3314    1.0000
   -1.0396   -0.6481    1.0000
    1.6548   -0.5838    1.0000
    0.2695   -0.1283    1.0000
    1.5377   -0.1468    1.0000
   -0.8389    0.8602    1.0000
    0.9783    1.5152    1.0000
    0.2083   -1.8722    1.0000
   -1.8921   -0.1239    1.0000
   -0.5326    0.6102    1.0000
   -0.9516    1.1832    1.0000
   -0.2741   -0.9222    1.0000
   -0.4361   -0.9791    1.0000
   -0.9489   -0.3780    1.0000
   -1.7135    0.3245    1.0000
   -0.4752   -1.8315    1.0000
    1.5239    1.1675    1.0000
   -1.3854    1.3373    1.0000
    1.0499   -0.4640    1.0000
   -1.9043    0.0883    1.0000
    0.8755   -0.6405    1.0000
    0.4558    0.2557    1.0000
   -0.1939    0.1582    1.0000
    0.0355    1.0426    1.0000
    0.2977   -0.0344    1.0000
    1.8268    0.1143    1.0000
    0.8198   -1.3696    1.0000
    1.6923   -0.6523    1.0000
