    8.0302   -0.7077    0.0312         0
   12.1869    4.4653    0.8180         0
   16.4787    5.7578    1.0059         0
    0.2730    2.8964   15.3632         0
    5.5333   -7.5430    5.1413         0
    0.3143    2.2450    8.0173         0
    0.1084   -2.0388   19.1683         0
    3.4650   14.0197   28.3627         0
    6.9620   24.3586   42.6127         0
   27.8095   20.9687    7.9053         0
    1.5221   -4.8750    7.8067         0
   10.0228   -6.9195    2.3885         0
    0.6193    3.4700    9.7219         0
    5.5585    9.4584    8.0473         0
    3.7366    8.3365    9.2995         0
    7.9882   -0.1698    0.0018         0
    1.6024   11.8086   43.5112         0
    7.7215   10.0368    6.5231         0
    0.8403   -3.5286    7.4084         0
   38.6195   32.1601   13.3905         0
   10.5704    0.2996    0.0042         0
    1.7826    8.7289   21.3716         0
    2.1996    5.6762    7.3236         0
   14.0571  -19.3846   13.3656         0
    1.1043    4.4573    8.9954         0
    1.2830    4.2714    7.1103         0
    9.1609   10.2618    5.7475         0
    5.2421   -6.1139    3.5653         0
    0.2342   -2.0507    8.9785         0
    4.8192   -5.7266    3.4024         0
    5.0184  -10.5322   11.0520         0
    8.4205   -7.0115    2.9192         0
    0.1148   -1.5790   10.8539         0
   12.0430    7.1493    2.1221         0
   22.6524   13.6708    4.1252         0
   11.4072   -8.0037    2.8079         0
   11.7098    9.1451    3.5711         0
    6.6824   -9.1913    6.3211         0
   10.1581   -9.1620    4.1318         0
   19.9104    9.4220    2.2293         0
    2.1997   -6.6171    9.9527         0
    0.2588    2.2638    9.9020         0
    3.8916    8.6675    9.6524         0
    4.0536    8.0913    8.0754         0
    8.3682   -3.2839    0.6443         0
   25.8165  -18.5027    6.6304         0
    5.1667  -10.0264    9.7286         0
   13.4175   -7.8750    2.3110         0
   34.6064   -9.7465    1.3725         0
    1.3636    6.5590   15.7739         0
    0.1108   -1.8077   14.7433         0
    2.8929   -7.4592    9.6166         0
   12.7112   -0.6610    0.0172         0
    9.5310    4.6662    1.1422         0
   13.4199   -2.4112    0.2166         0
    5.0588    9.2308    8.4218         0
    7.2377    6.6650    3.0689         0
    0.0314    1.2188   23.6516         0
    4.8616    6.2013    3.9551         0
    5.0115   -6.9977    4.8855         0
    4.9728    8.0313    6.4854         0
    1.6557   -4.6050    6.4040         0
   11.6496   11.8167    5.9931         0
    9.7726   -7.4997    2.8777         0
    0.9379   -4.6125   11.3420         0
    2.5826   -5.6226    6.1205         0
   17.6721    1.0061    0.0286         0
    2.9889   -7.2082    8.6918         0
    4.2737    7.4064    6.4177         0
   28.4576  -11.0616    2.1498         0
    0.0433    0.9362   10.1174         0
   13.0327   16.5356   10.4901         0
    9.8532   11.7298    6.9819         0
    1.1660   -5.3046   12.0663         0
    0.1380   -2.3367   19.7878         0
   16.2773   16.1040    7.9663         0
   37.7083  -15.2401    3.0797         0
    1.7630    5.8544    9.7204         0
    8.7098  -17.5079   17.5966         0
   15.1307   -3.2121    0.3410         0
   12.1934   19.2100   15.1321         0
    8.9788  -11.4446    7.2939         0
    8.6787   -1.3743    0.1088         0
   10.8789   -3.5688    0.5854         0
    0.4927    2.8809    8.4236         0
    8.3801   -9.3091    5.1706         0
    9.0880    9.7068    5.1839         0
    5.8757   -6.1660    3.2353         0
   10.1329   -8.8107    3.8305         0
   14.3542   -0.7566    0.0199         0
    5.7264   -6.1744    3.3287         0
    5.1618  -13.0567   16.5133         0
    1.6376    5.2330    8.3611         0
    2.4189    6.7330    9.3704         0
   12.3666    7.2895    2.1484         0
    6.2842    9.1525    6.6650         0
   45.6128  -12.3132    1.6620         0
    0.5824    3.0072    7.7644         0
    0.3008   -3.1400   16.3908         0
   13.9994    9.5406    3.2510         0
    8.6551    7.2165    3.0085         0
    8.7942    8.2007    3.8237         0
    4.1330   -6.1413    4.5627         0
    8.5091   -2.1859    0.2808         0
    1.2393    5.1533   10.7137         0
    1.4805    4.8621    7.9839         0
    0.0007   -0.1596   17.1416         0
   17.8589    0.8527    0.0204         0
    7.7123    9.8314    6.2664         0
    4.7224   11.3052   13.5322         0
    0.4135   -4.0094   19.4380         0
    5.7709    6.8875    4.1101         0
   20.9380    0.8300    0.0165         0
   14.7391   -1.5795    0.0846         0
   10.7161   16.6701   12.9661         0
    1.2158    7.1587   21.0745         0
   16.7341    4.4798    0.5996         0
   16.2438   -4.0236    0.4983         0
    9.6489   -0.7567    0.0297         0
    0.6838   -3.6166    9.5638         0
    0.0613    0.9962    8.1013         0
    5.1106   12.2397   14.6568         0
   10.0411   -3.2867    0.5379         0
    7.8238   -3.5595    0.8097         0
    8.9734   -4.8856    1.3300         0
    0.1455    2.0585   14.5659         0
    1.8475   -5.4111    7.9245         0
    3.9210   -5.6807    4.1151         0
   13.5656   14.1208    7.3494         0
    8.0188   -1.7830    0.1982         0
   12.0670    8.3988    2.9229         0
    0.3303    2.7575   11.5095         0
   17.9225   14.7230    6.0474         0
    6.2906   -7.4183    4.3740         0
    7.2901   -7.4731    3.8303         0
    0.1867    2.0196   10.9253         0
    0.4970   -4.6527   21.7796         0
    4.2118  -12.0185   17.1477         0
    3.0012   -5.7695    5.5456         0
    7.5348    3.0468    0.6160         0
    2.0434   -5.0918    6.3440         0
    7.8444   -8.2834    4.3735         0
    7.8127    7.5921    3.6888         0
    6.0827   -7.5786    4.7213         0
   16.1413    5.5923    0.9687         0
   24.6812  -16.5783    5.5678         0
    5.4914   14.0343   17.9337         0
   29.8024   17.2636    5.0001         0
   17.2556  -11.5963    3.8965         0
    9.5631   -6.6340    2.3010         0
   21.8020   17.6464    7.1414         0
    5.9403  -16.1728   22.0159         0
    3.1638    5.5249    4.8240         0
    1.3552   -4.2588    6.6917         0
    4.9482   12.9907   17.0527         0
   24.8895    7.2379    1.0524         0
    0.0079   -0.4435   12.4654         0
    0.0087    0.4996   14.3895         0
    8.9464   -6.3200    2.2323         0
   10.2258    6.5291    2.0844         0
    5.0170   10.7628   11.5444         0
    5.7246   -8.5294    6.3543         0
    1.4151   -5.2851    9.8696         0
    5.0117   13.9596   19.4416         0
    9.0981    4.3112    1.0215         0
    9.4702   -3.8839    0.7964         0
    0.9391   -3.8455    7.8734         0
   13.3167  -19.7937   14.7106         0
    0.1120   -1.4091    8.8639         0
    1.6721    6.6201   13.1050         0
    6.5383    6.3679    3.1009         0
    8.2285    7.4210    3.3463         0
    1.0644   -4.6783   10.2806         0
    3.4504  -11.4556   19.0167         0
   13.9700   -7.4560    1.9897         0
   34.8675    2.0783    0.0619         0
    0.2454    1.9489    7.7382         0
    6.0638   -8.8267    6.4243         0
    6.2472   -9.4093    7.0860         0
    7.5723    3.5328    0.8241         0
    2.4867   -6.2802    7.9305         0
   23.1717   17.4990    6.6075         0
   10.4492    4.0877    0.7996         0
   13.6857  -12.8824    6.0632         0
    0.8203    3.3870    6.9923         0
    7.6394    4.1376    1.1205         0
    6.2315   -7.6150    4.6528         0
    0.0702    1.3192   12.3919         0
   10.8311    9.3371    4.0246         0
   17.6432   -3.0011    0.2552         0
    0.8516    4.1082    9.9092         0
    7.7696   -7.6602    3.7762         0
   14.2146    9.3702    3.0884         0
    0.0570   -0.9622    8.1158         0
   15.2496    4.8427    0.7689         0
   13.4306   17.6943   11.6558         0
    8.3185    1.1393    0.0780         0
    3.3177  -13.7460   28.4770         0
    6.5100   -4.7604    1.7405         0
    0.0101    0.4766   11.2047         0
   22.6107    7.8083    1.3482         0
    4.9622  -13.2538   17.7000         0
   11.7102   -1.1415    0.0556         0
   16.2238   10.0833    3.1335         0
    2.9812   -8.4723   12.0389         0
    4.0497   -6.6322    5.4308         0
    0.6322   -3.5894   10.1893         0
   12.7293   15.3234    9.2231         0
    9.2518  -10.1516    5.5694         0
   14.3175   -1.4338    0.0718         0
    4.8327   -7.3970    5.6609         0
    0.3208    3.0098   14.1192         0
    8.4081    1.1793    0.0827         0
    0.0348   -0.8219    9.7162         0
    5.9838    8.9536    6.6986         0
    8.0539   -7.4344    3.4313         0
    7.5758    6.4942    2.7835         0
    2.5703   -7.7296   11.6223         0
   21.1893   21.2846   10.6901         0
   10.9962   -9.6444    4.2294         0
   14.7076   -2.5440    0.2200         0
    8.7823  -10.2241    5.9513         0
    0.2707    3.5722   23.5671         0
   12.1988   -0.3130    0.0040         0
    4.1936  -12.0775   17.3914         0
    1.9767   -6.1681    9.6235         0
   46.7925    7.1887    0.5522         0
    2.2401   -5.1605    5.9441         0
    1.0226    3.8256    7.1554         0
   16.6755    2.7296    0.2234         0
   10.5080    2.6120    0.3246         0
    7.4884    6.2254    2.5877         0
    0.5289   -3.0102    8.5665         0
    0.3786    4.4883   26.6027         0
    8.2282   -5.3403    1.7330         0
    0.1669   -1.6225    7.8839         0
    1.7389    6.5890   12.4833         0
    8.8440    6.7372    2.5662         0
    4.6957    7.3503    5.7528         0
    8.0100   13.8255   11.9316         0
    3.5496    6.7053    6.3333         0
    0.1490   -1.5730    8.3021         0
    1.6094    5.0915    8.0536         0
   18.0315  -13.4118    4.9878         0
   18.2969    7.5248    1.5473         0
    2.2653   11.5881   29.6398         0
   10.5382   -7.9527    3.0008         0
   10.9047   -7.1867    2.3682         0
    7.9675   -8.6417    4.6865         0
    0.0183    0.6591   11.8832         0
    4.2484  -10.5699   13.1490         0
   15.9423   -5.5381    0.9619         0
    7.7160   11.6675    8.8213         0
   11.4514   -1.0705    0.0500         0
    4.3915  -13.2468   19.9794         0
    0.0140   -0.9411   31.5459         0
    0.2703   -2.1091    8.2285         0
   31.9061   30.4400   14.5206         0
    9.8093    2.3410    0.2793         0
    6.2876   12.2788   11.9893         0
    0.8588    3.8161    8.4780         0
   15.8856  -10.4077    3.4094         0
    8.7938  -10.7479    6.5681         0
   27.5757    3.8750    0.2723         0
    8.2611  -17.3816   18.2857         0
   14.4988  -12.9386    5.7732         0
    7.3356    5.7358    2.2424         0
    5.3047   10.2514    9.9055         0
    4.5852  -10.3896   11.7707         0
   13.4814  -23.4128   20.3302         0
    3.0552   11.7847   22.7284         0
    9.0582  -10.6190    6.2244         0
    0.2413    2.5624   13.6037         0
   14.5947   11.7222    4.7075         0
    6.4552    5.7322    2.5451         0
   10.7405  -31.4750   46.1184         0
    0.6381    3.2678    8.3679         0
    7.0499    4.9092    1.7093         0
    0.0344    1.1996   20.9378         0
    1.7286    6.6382   12.7457         0
    9.0789   15.7559   13.6717         0
    6.7043    7.7009    4.4229         0
    3.2354   -7.6703    9.0922         0
    4.4497   -6.1831    4.2960         0
    0.4582    2.9484    9.4855         0
   26.4472    8.2173    1.2766         0
   19.3342    0.5596    0.0081         0
    0.0872    1.7378   17.3228         0
    6.6223   12.0054   10.8821         0
    0.6038    4.4775   16.6023         0
    6.6206    4.2109    1.3391         0
    1.6330    7.3477   16.5308         0
    6.7180   -6.7145    3.3555         0
    6.7073   -7.8354    4.5766         0
    7.8052   12.1312    9.4275         0
    7.5961   18.3405   22.1412         0
   21.6359   14.7024    4.9955         0
    1.0540    6.3358   19.0427         0
    0.0301    0.8978   13.4068         0
   13.9345   -8.5322    2.6122         0
   15.7028    1.8898    0.1137         0
    0.7292   -5.5955   21.4696         0
   22.7444   -4.4969    0.4446         0
    7.8614    2.8022    0.4994         0
    0.8446   -4.3226   11.0618         0
   10.9950  -14.2843    9.2788         0
   28.1837   31.3924   17.4832         0
   18.9219    1.2264    0.0397         0
    8.3416   12.5722    9.4742         0
    0.7392   -4.0112   10.8834         0
   13.6376   -3.7741    0.5222         0
   10.2925   12.4339    7.5104         0
   12.1031   -0.3233    0.0043         0
   15.3862  -11.6662    4.4228         0
    6.8923   -6.3868    2.9592         0
    6.2443    6.8068    3.7100         0
   14.8640   15.1061    7.6761         0
    1.3734   -4.4403    7.1782         0
    1.0594    3.8492    6.9925         0
    2.7113    6.4873    7.7611         0
    6.2986   22.4884   40.1460         0
   10.7161   -0.2211    0.0023         0
   19.3976    2.9343    0.2219         0
    2.9160    6.8453    8.0347         0
    0.1607    2.2866   16.2637         0
    7.4864    2.4462    0.3996         0
   23.4014  -12.3012    3.2331         0
   14.8637    3.0618    0.3153         0
    3.9156    9.8113   12.2921         0
    9.4484  -10.1099    5.4089         0
    4.7396   13.0989   18.1007         0
   11.3146    0.3016    0.0040         0
   17.9567   19.1290   10.1890         0
    8.9146   18.1496   18.4759         0
    0.9862   -6.9612   24.5676         0
    3.5099    8.8528   11.1643         0
    1.3533   -9.5706   33.8416         0
    5.4735   -6.6004    3.9796         0
   11.1155   -7.7044    2.6700         0
   23.9150  -23.7289   11.7721         0
   17.2252    7.3780    1.5801         0
    8.9264   -6.5768    2.4229         0
   23.2710   15.3130    5.0382         0
    9.0958   -1.5711    0.1357         0
    9.0226  -12.3410    8.4399         0
    6.3998   -5.3748    2.2570         0
    0.8341   -4.8617   14.1680         0
    7.0137   14.8301   15.6787         0
    0.0030   -0.2726   12.3390         0
   10.2366   -6.9308    2.3463         0
    5.8497   -6.9142    4.0862         0
    1.4231   -5.1956    9.4840         0
    0.9039   -6.4595   23.0797         0
    3.0956   10.5969   18.1378         0
   15.6278   -6.4284    1.3221         0
   11.8394  -30.0377   38.1043         0
    2.6730   -9.1032   15.5006         0
   30.0358  -21.2588    7.5233         0
   11.3085   -7.1265    2.2455         0
    0.9425    4.0524    8.7116         0
    0.0138   -0.5068    9.3245         0
    6.2738   -7.2783    4.2218         0
    8.7458    0.5725    0.0187         0
    0.7435   -3.8854   10.1518         0
   11.0876   15.8263   11.2951         0
   14.2771   -0.2910    0.0030         0
   16.3210   -8.3843    2.1536         0
   14.2341   -8.4111    2.4851         0
   10.0894   17.8386   15.7697         0
    0.2053    2.6425   17.0039         0
    8.8298    4.9117    1.3661         0
    3.6442   -6.5050    5.8059         0
    0.0206   -0.9994   24.2252         0
   20.6241   -8.2971    1.6690         0
   11.9155    1.2288    0.0634         0
   31.9738   -9.5704    1.4323         0
   24.7899  -17.9932    6.5300         0
    1.5866   -5.3852    9.1389         0
    1.3008   -6.1687   14.6264         0
    0.3252    2.5522   10.0133         0
   11.1878  -11.1084    5.5147         0
   12.0931    8.9922    3.3432         0
   11.2944    5.8792    1.5302         0
   26.4755    2.6308    0.1307         0
   15.9327   20.6275   13.3528         0
    1.1801   -4.4604    8.4297         0
    0.8829   -6.5040   23.9550         0
   19.7985   -3.5433    0.3171         0
