    0.0442   -0.1697    0.3258    1.0000
    0.1010    0.2356    0.2750    1.0000
    0.1371   -0.4907    0.8783    1.0000
    0.2567    0.4086    0.3252    1.0000
    2.7008   -0.1869    0.0065    1.0000
    3.1520   -1.8340    0.5336    1.0000
    1.0889   -0.4317    0.0856    1.0000
    0.0915    0.3077    0.5175    1.0000
    1.1521    1.8962    1.5603    1.0000
    2.4234   -0.5945    0.0729    1.0000
    2.6235   -1.4588    0.4056    1.0000
    0.3606    0.8276    0.9497    1.0000
    3.3923   -0.7093    0.0742    1.0000
    0.0072    0.2272    3.5961    1.0000
    0.2248   -0.1714    0.0653    1.0000
    1.6148    0.4461    0.0616    1.0000
    0.6553   -1.3583    1.4076    1.0000
    0.0012   -0.0201    0.1737    1.0000
    1.0054    1.4954    1.1120    1.0000
    1.1566    1.4519    0.9113    1.0000
    0.4400   -0.7185    0.5868    1.0000
    0.1799   -0.6983    1.3556    1.0000
    2.5955    0.7089    0.0968    1.0000
    0.2827   -0.6374    0.7187    1.0000
    0.8088   -0.8822    0.4811    1.0000
    1.4000    2.1845    1.7043    1.0000
    1.5211   -0.1769    0.0103    1.0000
    0.1059    0.3974    0.7455    1.0000
    0.2660   -0.8109    1.2358    1.0000
    0.2286   -0.6288    0.8651    1.0000
    2.7696   -0.6431    0.0747    1.0000
    1.2234    0.1993    0.0162    1.0000
    0.7871   -0.1033    0.0068    1.0000
    1.9093    0.3883    0.0395    1.0000
    0.0220   -0.0160    0.0058    1.0000
    0.1951   -0.9494    2.3102    1.0000
    0.0111   -0.0449    0.0910    1.0000
    0.0151    0.0578    0.1105    1.0000
    1.1074    1.6335    1.2048    1.0000
    0.0096   -0.1183    0.7282    1.0000
    0.0548    0.5296    2.5582    1.0000
    0.5228    0.0164    0.0003    1.0000
    0.2816   -0.3769    0.2523    1.0000
    1.8591   -1.5247    0.6253    1.0000
    2.4613    1.5835    0.5094    1.0000
    0.0448    0.1091    0.1330    1.0000
    2.6390    0.6640    0.0835    1.0000
    0.5708   -0.8098    0.5745    1.0000
    0.0562   -0.4576    1.8628    1.0000
    0.8507   -1.3997    1.1515    1.0000
    0.0543    0.3172    0.9267    1.0000
    0.0031   -0.0791    1.0004    1.0000
    1.8583    0.8813    0.2090    1.0000
    2.2227   -1.9768    0.8790    1.0000
    1.4666    2.4360    2.0231    1.0000
    0.4623   -0.7627    0.6291    1.0000
    1.1392   -1.7300    1.3136    1.0000
    1.5515    1.6714    0.9003    1.0000
    0.1996   -0.5676    0.8072    1.0000
    0.4523   -0.7863    0.6835    1.0000
    0.0615    0.6232    3.1585    1.0000
    0.0212   -0.1189    0.3327    1.0000
    0.6570   -0.6144    0.2873    1.0000
    0.1093    0.1285    0.0755    1.0000
    0.4579   -0.7305    0.5827    1.0000
    2.5657   -1.8811    0.6896    1.0000
    2.2842    1.1326    0.2808    1.0000
    0.8837    2.0812    2.4507    1.0000
    1.6749   -2.2128    1.4617    1.0000
    0.1988   -1.1772    3.4848    1.0000
    0.2062    0.1013    0.0249    1.0000
    2.2716   -0.3429    0.0259    1.0000
    0.0055    0.0105    0.0102    1.0000
    0.5797   -1.3934    1.6746    1.0000
    0.1025    0.2677    0.3497    1.0000
    1.0358    2.0950    2.1187    1.0000
    0.1368    0.0898    0.0295    1.0000
    0.2775   -0.2926    0.1542    1.0000
    0.8222   -1.4983    1.3651    1.0000
    2.6856   -0.3010    0.0169    1.0000
    1.7939    0.2402    0.0161    1.0000
    0.0008   -0.0083    0.0416    1.0000
    0.1729   -0.7667    1.6998    1.0000
    0.0055    0.0334    0.1012    1.0000
    0.0073   -0.0821    0.4607    1.0000
    1.5195    1.5442    0.7847    1.0000
    0.0005    0.0530    2.9234    1.0000
    2.5010    0.3416    0.0233    1.0000
    0.3264   -0.1688    0.0436    1.0000
    0.1143    0.2489    0.2711    1.0000
    0.0459    0.5431    3.2131    1.0000
    0.0339   -0.2030    0.6084    1.0000
    0.0620    0.1041    0.0874    1.0000
    0.0752    0.0273    0.0050    1.0000
    0.4316   -0.0052    0.0000    1.0000
    1.3521    0.1166    0.0050    1.0000
    1.4539    2.2582    1.7537    1.0000
    3.0165    0.6887    0.0786    1.0000
    2.9323    1.5670    0.4187    1.0000
    0.0307   -0.2776    1.2539    1.0000
    0.0038   -0.1503    3.0047    1.0000
    1.4486    2.1250    1.5586    1.0000
    0.0967    0.1630    0.1374    1.0000
    0.6757    1.3573    1.3633    1.0000
    0.2730    0.5609    0.5761    1.0000
    2.6755    1.2479    0.2910    1.0000
    0.0208    0.0276    0.0184    1.0000
    0.5859   -1.5257    1.9866    1.0000
    1.5254    2.0652    1.3980    1.0000
    0.4688   -1.5449    2.5458    1.0000
    0.2135   -0.2584    0.1564    1.0000
    0.2098   -0.0471    0.0053    1.0000
    0.0679   -0.0406    0.0121    1.0000
    0.1946   -0.8235    1.7426    1.0000
    0.0533   -0.4586    1.9734    1.0000
    0.1891   -0.1903    0.0958    1.0000
    3.5962    0.2922    0.0119    1.0000
    0.2520    1.1881    2.8009    1.0000
    2.1368   -0.9089    0.1933    1.0000
    0.0616    0.1975    0.3164    1.0000
    0.2264    0.4905    0.5312    1.0000
    0.0001   -0.0185    2.4221    1.0000
    0.9553    0.4900    0.1257    1.0000
    0.4548   -0.4763    0.2495    1.0000
    0.0591   -0.1221    0.1263    1.0000
    1.0537   -1.2710    0.7665    1.0000
    0.3367    0.2161    0.0694    1.0000
    0.5837    1.6692    2.3868    1.0000
    0.4467   -0.7529    0.6345    1.0000
    0.1414    0.4216    0.6286    1.0000
    0.0641   -0.1425    0.1584    1.0000
    0.1063   -0.2589    0.3151    1.0000
    2.0946    1.1738    0.3289    1.0000
    0.0018   -0.0127    0.0443    1.0000
    0.1381    0.2423    0.2125    1.0000
    2.3409    0.3218    0.0221    1.0000
    1.1752   -0.1915    0.0156    1.0000
    0.5682   -1.6310    2.3408    1.0000
    0.0788    0.5576    1.9737    1.0000
    0.8059    1.8824    2.1982    1.0000
    2.5075   -0.3678    0.0270    1.0000
    0.4452   -0.2979    0.0997    1.0000
    2.7408   -1.6024    0.4684    1.0000
    0.2768    0.7736    1.0807    1.0000
    0.6648   -1.9445    2.8437    1.0000
    0.9487    0.9297    0.4555    1.0000
    0.5094    0.6562    0.4226    1.0000
    0.0108    0.0672    0.2098    1.0000
    0.6791   -0.5197    0.1989    1.0000
    2.3946    1.1657    0.2837    1.0000
    0.0236   -0.0632    0.0846    1.0000
    0.7270   -1.7331    2.0658    1.0000
    0.0691    0.3175    0.7293    1.0000
    0.3160   -0.7040    0.7841    1.0000
    0.2716    0.9674    1.7231    1.0000
    1.1317    0.8175    0.2952    1.0000
    2.6294   -1.5333    0.4471    1.0000
    1.5998    0.0418    0.0005    1.0000
    0.3845    0.2642    0.0908    1.0000
    1.1228   -1.0821    0.5215    1.0000
    0.0892    0.5844    1.9140    1.0000
    1.4891   -0.6771    0.1539    1.0000
    0.0010   -0.0379    0.7376    1.0000
    0.0404    0.2048    0.5191    1.0000
    0.8870    1.4638    1.2079    1.0000
    0.1128    0.7419    2.4397    1.0000
    0.5985   -0.1545    0.0199    1.0000
    0.8389    0.0715    0.0030    1.0000
    0.0008   -0.0405    1.0320    1.0000
    2.3130   -1.4184    0.4349    1.0000
    1.0111   -2.1845    2.3598    1.0000
    0.0179    0.2469    1.7014    1.0000
    1.5119    0.6073    0.1220    1.0000
    0.1078    0.8066    3.0161    1.0000
    0.1814   -0.8887    2.1773    1.0000
    0.3806   -0.0812    0.0087    1.0000
    0.0777   -0.3171    0.6474    1.0000
    2.1020    0.3611    0.0310    1.0000
    0.4127   -1.5082    2.7559    1.0000
    0.0242   -0.2631    1.4317    1.0000
    0.2450    0.1154    0.0272    1.0000
    0.2558   -0.2344    0.1075    1.0000
    0.0227    0.0592    0.0773    1.0000
    0.0884    0.5967    2.0128    1.0000
    0.1653    0.3285    0.3264    1.0000
    1.9875    0.2470    0.0153    1.0000
    1.6371    1.9371    1.1460    1.0000
    0.3610    0.1108    0.0170    1.0000
    0.0299   -0.4233    3.0008    1.0000
    0.5489    1.6015    2.3362    1.0000
    0.4524    0.5864    0.3801    1.0000
    0.8688    1.8070    1.8792    1.0000
    0.0188   -0.2845    2.1493    1.0000
    0.0012    0.0307    0.3854    1.0000
    0.0681    0.2788    0.5708    1.0000
    0.6000   -1.7169    2.4567    1.0000
    0.3864   -1.2453    2.0067    1.0000
    0.3357   -0.1305    0.0254    1.0000
    0.0768    0.3079    0.6171    1.0000
    0.1566    0.7425    1.7607    1.0000
    0.0291   -0.2245    0.8660    1.0000
    0.0545    0.4920    2.2214    1.0000
    1.6098    0.0070    0.0000    1.0000
    1.6958   -1.4003    0.5781    1.0000
    1.6533   -1.0747    0.3493    1.0000
    2.2372    2.5562    1.4604    1.0000
    0.1778   -0.2592    0.1888    1.0000
    1.2558   -1.9044    1.4439    1.0000
    0.0327   -0.0054    0.0005    1.0000
    0.1644   -0.9228    2.5901    1.0000
    0.9244   -0.3592    0.0698    1.0000
    0.9834    0.8721    0.3867    1.0000
    0.0000    0.0060    1.1268    1.0000
    0.0581   -0.1690    0.2456    1.0000
    0.3532   -1.0895    1.6807    1.0000
    0.0257    0.1660    0.5361    1.0000
    0.8077   -1.1594    0.8321    1.0000
    0.3496    0.2383    0.0812    1.0000
    2.9655    1.1760    0.2332    1.0000
    0.0709   -0.5134    1.8586    1.0000
    0.4257    1.4994    2.6408    1.0000
    0.0922    0.1385    0.1040    1.0000
    0.3981   -0.5632    0.3984    1.0000
    0.2809   -0.3961    0.2792    1.0000
    1.6413    1.6172    0.7967    1.0000
    1.1120   -1.3869    0.8648    1.0000
    1.2612   -1.8159    1.3073    1.0000
    0.0156    0.3048    2.9871    1.0000
    0.7445   -0.9383    0.5914    1.0000
    0.7860   -0.3277    0.0683    1.0000
    0.0440    0.2864    0.9331    1.0000
    0.0038    0.1472    2.8812    1.0000
    0.3836   -1.3218    2.2775    1.0000
    0.0444   -0.0264    0.0078    1.0000
    1.6429    2.1307    1.3816    1.0000
    3.2839    0.2125    0.0069    1.0000
    1.0376   -1.4083    0.9556    1.0000
    2.7156    2.2401    0.9239    1.0000
    2.4687    0.4737    0.0454    1.0000
    0.0417   -0.1989    0.4743    1.0000
    0.1296    0.1209    0.0564    1.0000
    1.0706    0.8393    0.3290    1.0000
    0.0642   -0.4478    1.5614    1.0000
    0.6596   -0.5984    0.2714    1.0000
    0.2358   -0.6575    0.9168    1.0000
    0.7213   -0.6589    0.3010    1.0000
    0.0762   -0.2191    0.3150    1.0000
    0.0049   -0.0498    0.2539    1.0000
    0.2305   -0.3560    0.2749    1.0000
    0.6094   -1.8678    2.8624    1.0000
    2.9777    0.8095    0.1100    1.0000
    0.1110   -0.0537    0.0130    1.0000
    0.1395    0.0169    0.0010    1.0000
    0.0707   -0.6344    2.8482    1.0000
    0.4286   -1.3833    2.2326    1.0000
    0.3388    1.0700    1.6896    1.0000
    1.7420   -2.5767    1.9057    1.0000
    1.2445   -0.4125    0.0684    1.0000
    1.4119    0.1442    0.0074    1.0000
    0.2007    0.9610    2.3013    1.0000
    1.9833    2.4482    1.5111    1.0000
    2.4509    0.1844    0.0069    1.0000
    0.3551    1.4360    2.9031    1.0000
    0.0463   -0.2687    0.7795    1.0000
    0.0009   -0.0379    0.7963    1.0000
    0.8160   -0.2834    0.0492    1.0000
    1.4033    0.5052    0.0909    1.0000
    1.4151   -0.6820    0.1643    1.0000
    0.7838   -0.3837    0.0939    1.0000
    0.0789   -0.4202    1.1192    1.0000
    0.8665   -1.7701    1.8079    1.0000
    2.8706    0.9190    0.1471    1.0000
    0.3924    1.2416    1.9644    1.0000
    0.7644   -0.9612    0.6044    1.0000
    0.0500    0.0118    0.0014    1.0000
    0.0093   -0.1244    0.8354    1.0000
    0.0026    0.1036    2.0747    1.0000
    1.0698    1.8000    1.5144    1.0000
    1.0198    1.2096    0.7174    1.0000
    1.6355   -1.7304    0.9154    1.0000
    1.0243   -0.7303    0.2603    1.0000
    0.0036   -0.1034    1.4910    1.0000
    0.0635    0.2541    0.5086    1.0000
    0.0785    0.6424    2.6272    1.0000
    0.0297    0.2690    1.2190    1.0000
    1.2032    1.4451    0.8678    1.0000
    0.1054   -0.0164    0.0013    1.0000
    2.4268   -0.8554    0.1507    1.0000
    0.1609    0.4666    0.6765    1.0000
    2.7570    1.8802    0.6412    1.0000
    0.2106   -0.0557    0.0074    1.0000
    0.0349    0.0621    0.0552    1.0000
    0.0929   -0.1444    0.1121    1.0000
    1.1652    1.6134    1.1170    1.0000
    0.2386   -0.2483    0.1292    1.0000
    0.0027   -0.0869    1.3913    1.0000
    0.0000   -0.0090    1.2836    1.0000
    0.0179   -0.0330    0.0304    1.0000
    0.0456    0.1335    0.1953    1.0000
    0.5341   -1.6508    2.5510    1.0000
    0.0385   -0.4436    2.5549    1.0000
    1.2992   -2.4736    2.3549    1.0000
    1.0267    1.5596    1.1845    1.0000
    0.0333    0.1394    0.2916    1.0000
    0.0018   -0.0925    2.3162    1.0000
    1.7299    0.6898    0.1375    1.0000
    0.1582   -0.3248    0.3333    1.0000
    0.0134   -0.1478    0.8167    1.0000
    0.7829    1.8036    2.0775    1.0000
    2.2384   -1.5173    0.5142    1.0000
    1.6758   -0.0144    0.0001    1.0000
    0.8811    2.1493    2.6214    1.0000
    2.6345    0.6588    0.0824    1.0000
    0.4611   -1.4535    2.2909    1.0000
    0.1820    0.7264    1.4495    1.0000
    2.0756    1.3386    0.4317    1.0000
    0.7871   -1.7978    2.0531    1.0000
    0.0623   -0.3319    0.8836    1.0000
    3.0474    0.1202    0.0024    1.0000
    0.0379   -0.2928    1.1306    1.0000
    0.2114   -0.7051    1.1760    1.0000
    1.0200   -0.2535    0.0315    1.0000
    0.4942    1.4256    2.0563    1.0000
    1.8276   -0.6299    0.1085    1.0000
    0.9474   -0.4545    0.1090    1.0000
    0.3997    0.3349    0.1403    1.0000
    0.0000    0.0054    0.7920    1.0000
    0.1869   -0.2026    0.1098    1.0000
    1.0808    0.9529    0.4201    1.0000
    2.7384   -1.3663    0.3409    1.0000
    0.0726   -0.0489    0.0165    1.0000
    2.3644   -0.3193    0.0216    1.0000
    0.7037   -1.0205    0.7399    1.0000
    0.9571    2.0962    2.2957    1.0000
    0.0434   -0.5515    3.5053    1.0000
    3.5799    0.3315    0.0153    1.0000
    0.2837   -0.4596    0.3724    1.0000
    0.9056   -1.5924    1.3999    1.0000
    0.0751    0.3574    0.8504    1.0000
    0.1902    0.6039    0.9587    1.0000
    0.9003    0.5072    0.1429    1.0000
    2.9362   -0.7863    0.1053    1.0000
    0.2258    1.2308    3.3542    1.0000
    2.3223    2.5162    1.3632    1.0000
    1.9193   -2.6202    1.7885    1.0000
    1.1023   -0.6889    0.2153    1.0000
    3.6265   -0.2377    0.0078    1.0000
    0.7666   -0.7930    0.4102    1.0000
    0.2078    0.1648    0.0654    1.0000
    0.0376   -0.0434    0.0250    1.0000
    0.0013    0.0523    1.0869    1.0000
    0.0887   -0.0145    0.0012    1.0000
    3.3373    0.2952    0.0131    1.0000
    0.6720   -1.5878    1.8757    1.0000
    2.8640   -1.5612    0.4255    1.0000
