   -2.8338    0.1766         0
   -3.4910   -0.9045         0
    4.0594    1.0030         0
    0.5225    3.9196         0
   -2.3523    2.2674         0
   -0.5607   -2.8315         0
   -0.3293    4.3782         0
    1.8614    5.3257         0
    2.6386    6.5278         0
    5.2735    2.8116         0
   -1.2337    2.7940         0
   -3.1659    1.5455         0
   -0.7869   -3.1180         0
   -2.3577   -2.8368         0
    1.9330    3.0495         0
    2.8263   -0.0425         0
    1.2659    6.5963         0
    2.7788    2.5540         0
   -0.9167    2.7218         0
    6.2145    3.6593         0
    3.2512    0.0652         0
   -1.3351   -4.6229         0
   -1.4831   -2.7062         0
   -3.7493    3.6559         0
    1.0509    2.9992         0
    1.1327    2.6665         0
   -3.0267   -2.3974         0
    2.2896   -1.8882         0
   -0.4839    2.9964         0
    2.1953   -1.8446         0
    2.2402   -3.3245         0
   -2.9018    1.7086         0
   -0.3389    3.2945         0
    3.4703    1.4567         0
    4.7595    2.0310         0
   -3.3774    1.6757         0
    3.4220    1.8897         0
   -2.5850    2.5142         0
   -3.1872    2.0327         0
    4.4621    1.4931         0
   -1.4831    3.1548         0
   -0.5087   -3.1468         0
    1.9727    3.1068         0
   -2.0134   -2.8417         0
    2.8928   -0.8027         0
    5.0810   -2.5750         0
   -2.2730    3.1191         0
   -3.6630    1.5202         0
   -5.8827    1.1715         0
    1.1678    3.9716         0
    0.3329   -3.8397         0
   -1.7008    3.1011         0
    3.5653   -0.1311         0
    3.0872    1.0687         0
   -3.6633    0.4654         0
    2.2492    2.9020         0
   -2.6903   -1.7518         0
    0.1772    4.8633         0
    2.2049    1.9887         0
   -2.2386    2.2103         0
    2.2300    2.5467         0
    1.2867   -2.5306         0
    3.4132    2.4481         0
    3.1261   -1.6964         0
   -0.9684    3.3678         0
   -1.6071    2.4740         0
   -4.2038   -0.1692         0
   -1.7288    2.9482         0
   -2.0673   -2.5333         0
   -5.3346    1.4662         0
    0.2081    3.1808         0
    3.6101    3.2388         0
    3.1390    2.6423         0
   -1.0798    3.4737         0
   -0.3714    4.4483         0
   -4.0345   -2.8225         0
    6.1407   -1.7549         0
   -1.3278   -3.1178         0
   -2.9512    4.1948         0
   -3.8898    0.5839         0
    3.4919    3.8900         0
   -2.9965    2.7007         0
   -2.9460    0.3299         0
   -3.2983    0.7651         0
    0.7019    2.9023         0
    2.8948   -2.2739         0
    3.0146    2.2768         0
    2.4240   -1.7987         0
   -3.1832    1.9572         0
   -3.7887    0.1412         0
   -2.3930    1.8245         0
   -2.2720    4.0637         0
   -1.2797   -2.8916         0
    1.5553    3.0611         0
    3.5166    1.4657         0
   -2.5068   -2.5817         0
   -6.7537    1.2892         0
   -0.7631   -2.7865         0
    0.5484   -4.0486         0
   -3.7416   -1.8030         0
    2.9419    1.7345         0
   -2.9655   -1.9554         0
   -2.0330    2.1360         0
    2.9170   -0.5299         0
    1.1133    3.2732         0
    1.2167    2.8256         0
    0.0273   -4.1402         0
    4.2260    0.1427         0
    2.7771    2.5033         0
    2.1731    3.6786         0
    0.6430   -4.4089         0
    2.4023    2.0273         0
    4.5758    0.1283         0
    3.8392   -0.2909         0
    3.2735    3.6008         0
    1.1027    4.5907         0
   -4.0907   -0.7744         0
   -4.0304    0.7059         0
   -3.1063    0.1723         0
   -0.8269    3.0925         0
   -0.2475   -2.8463         0
   -2.2607   -3.8284         0
   -3.1688    0.7334         0
   -2.7971    0.8998         0
    2.9956   -1.1532         0
   -0.3814   -3.8165         0
   -1.3592    2.8151         0
    1.9801   -2.0286         0
   -3.6831   -2.7110         0
    2.8317   -0.4452         0
    3.4738    1.7096         0
   -0.5747   -3.3926         0
    4.2335    2.4591         0
    2.5081   -2.0914         0
   -2.7000    1.9571         0
   -0.4320   -3.3054         0
   -0.7050    4.6669         0
    2.0523   -4.1410         0
   -1.7324    2.3549         0
   -2.7450   -0.7849         0
   -1.4295    2.5187         0
   -2.8008    2.0913         0
   -2.7951   -1.9206         0
   -2.4663    2.1728         0
   -4.0176   -0.9842         0
    4.9680   -2.3596         0
   -2.3434   -4.2348         0
   -5.4592   -2.2361         0
   -4.1540    1.9740         0
   -3.0924    1.5169         0
    4.6693    2.6723         0
    2.4373   -4.6921         0
    1.7787    2.1964         0
    1.1641   -2.5868         0
   -2.2244   -4.1295         0
   -4.9889   -1.0259         0
    0.0888   -3.5306         0
   -0.0931   -3.7934         0
   -2.9911    1.4941         0
   -3.1978   -1.4437         0
    2.2399    3.3977         0
   -2.3926    2.5208         0
   -1.1896    3.1416         0
   -2.2387   -4.4093         0
    3.0163    1.0107         0
    3.0774   -0.8924         0
    0.9691   -2.8060         0
   -3.6492    3.8354         0
   -0.3347    2.9772         0
   -1.2931   -3.6201         0
   -2.5570   -1.7609         0
   -2.8685   -1.8293         0
    1.0317   -3.2063         0
    1.8575   -4.3608         0
    3.7377   -1.4106         0
    5.9049    0.2489         0
   -0.4954   -2.7818         0
   -2.4625    2.5346         0
    2.4994   -2.6620         0
    2.7518    0.9078         0
    1.5769   -2.8161         0
    4.8137    2.5705         0
    3.2325    0.8942         0
   -3.6994    2.4623         0
   -0.9057   -2.6443         0
   -2.7639   -1.0585         0
   -2.4963    2.1570         0
    0.2650    3.5202         0
   -3.2911   -2.0061         0
   -4.2004    0.5052         0
   -0.9228   -3.1479         0
    2.7874   -1.9433         0
    3.7702    1.7574         0
    0.2388   -2.8488         0
   -3.9051   -0.8769         0
   -3.6648   -3.4141         0
    2.8842    0.2793         0
   -1.8214    5.3364         0
    2.5515   -1.3193         0
   -0.1007   -3.3473         0
    4.7551    1.1611         0
    2.2276   -4.2071         0
    3.4220   -0.2359         0
    4.0279    1.7702         0
    1.7266   -3.4697         0
   -2.0124    2.3304         0
   -0.7951    3.1921         0
    3.5678    3.0370         0
   -3.0417    2.3600         0
   -3.7838    0.2679         0
   -2.1984    2.3793         0
    0.5664    3.7576         0
   -2.8997   -0.2876         0
   -0.1864    3.1171         0
    2.4462    2.5882         0
    2.8379   -1.8524         0
   -2.7524   -1.6684         0
    1.6032   -3.4091         0
    4.6032    3.2696         0
   -3.3161    2.0566         0
   -3.8351    0.4691         0
    2.9635   -2.4395         0
   -0.5203   -4.8546         0
   -3.4927    0.0634         0
   -2.0478    4.1703         0
    1.4060   -3.1022         0
    6.8405    0.7431         0
    1.4967   -2.4380         0
    1.0113    2.6750         0
   -4.0836   -0.4727         0
    3.2416    0.5698         0
   -2.7365   -1.6086         0
    0.7272   -2.9269         0
    0.6153    5.1578         0
    2.8685   -1.3164         0
    0.4086   -2.8078         0
   -1.3187   -3.5332         0
   -2.9739   -1.6019         0
   -2.1670   -2.3985         0
    2.8302    3.4542         0
   -1.8840   -2.5166         0
   -0.3860    2.8813         0
   -1.2686   -2.8379         0
    4.2463   -2.2333         0
   -4.2775   -1.2439         0
   -1.5051   -5.4442         0
    3.2463   -1.7323         0
   -3.3022    1.5389         0
   -2.8227    2.1648         0
    0.1352    3.4472         0
   -2.0612    3.6262         0
   -3.9928    0.9808         0
    2.7778    2.9701         0
   -3.3840    0.2237         0
    2.0956   -4.4698         0
   -0.1185    5.6166         0
   -0.5199    2.8685         0
   -5.6486   -3.8106         0
   -3.1320   -0.5285         0
   -2.5075   -3.4626         0
    0.9267    2.9117         0
   -3.9857    1.8465         0
    2.9654   -2.5628         0
   -5.2513   -0.5218         0
    2.8742   -4.2762         0
    3.8077   -2.4027         0
    2.7084    1.4975         0
   -2.3032   -3.1473         0
   -2.1413    3.4308         0
    3.6717   -4.5089         0
   -1.7479   -4.7674         0
   -3.0097    2.4949         0
    0.4912    3.6883         0
    3.8203    2.1697         0
   -2.5407   -1.5953         0
   -3.2773    6.7911         0
   -0.7988   -2.8927         0
   -2.6552   -1.3074         0
    0.1854    4.5758         0
   -1.3148   -3.5701         0
   -3.0131   -3.6975         0
    2.5893    2.1031         0
    1.7987   -3.0153         0
   -2.1094    2.0727         0
    0.6769    3.0799         0
   -5.1427   -1.1299         0
    4.3971    0.0900         0
    0.2952    4.1621         0
    2.5734    3.2988         0
    0.7770    4.0746         0
   -2.5731   -1.1572         0
    1.2779    4.0658         0
   -2.5919    1.8318         0
   -2.5898    2.1393         0
   -2.7938   -3.0704         0
    2.7561    4.7054         0
    4.6514    2.2351         0
   -1.0267   -4.3638         0
   -0.1734   -3.6615         0
    3.7329   -1.6162         0
   -3.9627   -0.3372         0
   -0.8539    4.6335         0
    4.7691   -0.6668         0
    2.8038    0.7067         0
    0.9190   -3.3259         0
    3.3159   -3.0461         0
    5.3088    4.1813         0
    4.3499    0.1994         0
   -2.8882   -3.0780         0
    0.8598   -3.2990         0
   -3.6929    0.7227         0
   -3.2082   -2.7405         0
   -3.4789    0.0657         0
   -3.9225    2.1030         0
   -2.6253    1.7202         0
    2.4989    1.9261         0
    3.8554    2.7706         0
   -1.1719    2.6792         0
   -1.0293   -2.6443         0
   -1.6466   -2.7859         0
   -2.5097   -6.3361         0
   -3.2735    0.0478         0
    4.4043    0.4711         0
    1.7076    2.8346         0
   -0.4009   -4.0328         0
    2.7361    0.6322         0
    4.8375   -1.7981         0
    3.8553    0.5616         0
   -1.9788   -3.5060         0
    3.0738   -2.3257         0
   -2.1771   -4.2545         0
    3.3637    0.0634         0
   -4.2375   -3.1920         0
   -2.9857   -4.2984         0
    0.9931   -4.9566         0
   -1.8735   -3.3413         0
    1.1633   -5.8174         0
   -2.3396    1.9949         0
    3.3340   -1.6340         0
    4.8903   -3.4311         0
   -4.1503   -1.2570         0
   -2.9877    1.5566         0
   -4.8240   -2.2446         0
   -3.0159    0.3684         0
   -3.0038    2.9052         0
    2.5298   -1.5023         0
    0.9133   -3.7640         0
    2.6483    3.9596         0
   -0.0549    3.5127         0
   -3.1995    1.5318         0
    2.4186   -2.0214         0
    1.1930   -3.0796         0
    0.9508   -4.8041         0
    1.7594    4.2589         0
    3.9532   -1.1498         0
    3.4408   -6.1729         0
    1.6349   -3.9371         0
   -5.4805    2.7429         0
    3.3628   -1.4985         0
    0.9708    2.9515         0
    0.1174   -3.0536         0
   -2.5048    2.0547         0
    2.9573    0.1369         0
   -0.8623    3.1862         0
    3.3298    3.3608         0
   -3.7785    0.0544         0
    4.0399   -1.4675         0
    3.7728   -1.5764         0
   -3.1764   -3.9711         0
   -0.4531   -4.1236         0
   -2.9715   -1.1688         0
    1.9090   -2.4095         0
    0.1436   -4.9219         0
    4.5414   -1.2919         0
   -3.4519   -0.2517         0
    5.6545   -1.1968         0
    4.9789   -2.5554         0
    1.2596   -3.0231         0
    1.1405   -3.8244         0
    0.5703    3.1644         0
    3.3448   -2.3483         0
   -3.4775   -1.8284         0
    3.3607    1.2370         0
    5.1454    0.3615         0
   -3.9916   -3.6541         0
   -1.0863    2.9034         0
    0.9397   -4.8944         0
   -4.4496    0.5631         0
